{"producer":{"name":"Blender","version":"2.79 (sub 0)","exporter_version":"5.6.3","file":"NarrowInline_Hinge_PAR.babylon"},
"autoClear":true,"clearColor":[0.0509,0.0509,0.0509],"ambientColor":[0,0,0],"gravity":[0,-9.81,0],
"materials":[],
"multiMaterials":[],
"skeletons":[{"name":"Armature","id":0,"dimensionsAtRest":[0.1043,1,0.0968],"bones":[
{"name":"Bone","index":0,"matrix":[0.7071,0,-0.7071,0,0,1,0,0,-0.7071,0,-0.7071,0,0.1202,0.0453,0.2602,1],"rest":[1,0,0,0,0,1,0,0,0,0,-1,0,0.1202,0.0453,0.2602,1],"parentBoneIndex":-1,"length":1
,"animation":{"dataType":3,"framePerSecond":120,"keys":[
{"frame":1,"values":[1,0,0,0,0,1,0,0,0,0,-1,0,0.1202,0.0453,0.2602,1]},
{"frame":2,"values":[1,0,-0.0001,0,0,1,0,0,-0.0001,0,-1,0,0.1202,0.0453,0.2602,1]},
{"frame":3,"values":[1,0,-0.0005,0,0,1,0,0,-0.0005,0,-1,0,0.1202,0.0453,0.2602,1]},
{"frame":4,"values":[1,0,-0.0011,0,0,1,0,0,-0.0011,0,-1,0,0.1202,0.0453,0.2602,1]},
{"frame":5,"values":[1,0,-0.0019,0,0,1,0,0,-0.0019,0,-1,0,0.1202,0.0453,0.2602,1]},
{"frame":6,"values":[1,0,-0.003,0,0,1,0,0,-0.003,0,-1,0,0.1202,0.0453,0.2602,1]},
{"frame":7,"values":[1,0,-0.0043,0,0,1,0,0,-0.0043,0,-1,0,0.1202,0.0453,0.2602,1]},
{"frame":8,"values":[1,0,-0.0058,0,0,1,0,0,-0.0058,0,-1,0,0.1202,0.0453,0.2602,1]},
{"frame":9,"values":[1,0,-0.0076,0,0,1,0,0,-0.0076,0,-1,0,0.1202,0.0453,0.2602,1]},
{"frame":10,"values":[1,0,-0.0097,0,0,1,0,0,-0.0097,0,-1,0,0.1202,0.0453,0.2602,1]},
{"frame":11,"values":[0.9999,0,-0.012,0,0,1,0,0,-0.012,0,-0.9999,0,0.1202,0.0453,0.2602,1]},
{"frame":12,"values":[0.9999,0,-0.0145,0,0,1,0,0,-0.0145,0,-0.9999,0,0.1202,0.0453,0.2602,1]},
{"frame":13,"values":[0.9999,0,-0.0173,0,0,1,0,0,-0.0173,0,-0.9999,0,0.1202,0.0453,0.2602,1]},
{"frame":14,"values":[0.9998,0,-0.0203,0,0,1,0,0,-0.0203,0,-0.9998,0,0.1202,0.0453,0.2602,1]},
{"frame":15,"values":[0.9997,0,-0.0236,0,0,1,0,0,-0.0236,0,-0.9997,0,0.1202,0.0453,0.2602,1]},
{"frame":16,"values":[0.9996,0,-0.0271,0,0,1,0,0,-0.0271,0,-0.9996,0,0.1202,0.0453,0.2602,1]},
{"frame":17,"values":[0.9995,0,-0.0308,0,0,1,0,0,-0.0308,0,-0.9995,0,0.1202,0.0453,0.2602,1]},
{"frame":18,"values":[0.9994,0,-0.0348,0,0,1,0,0,-0.0348,0,-0.9994,0,0.1202,0.0453,0.2602,1]},
{"frame":19,"values":[0.9992,0,-0.0391,0,0,1,0,0,-0.0391,0,-0.9992,0,0.1202,0.0453,0.2602,1]},
{"frame":20,"values":[0.9991,0,-0.0436,0,0,1,0,0,-0.0436,0,-0.9991,0,0.1202,0.0453,0.2602,1]},
{"frame":21,"values":[0.9988,0,-0.0483,0,0,1,0,0,-0.0483,0,-0.9988,0,0.1202,0.0453,0.2602,1]},
{"frame":22,"values":[0.9986,0,-0.0532,0,0,1,0,0,-0.0532,0,-0.9986,0,0.1202,0.0453,0.2602,1]},
{"frame":23,"values":[0.9983,0,-0.0584,0,0,1,0,0,-0.0584,0,-0.9983,0,0.1202,0.0453,0.2602,1]},
{"frame":24,"values":[0.998,0,-0.0639,0,0,1,0,0,-0.0639,0,-0.998,0,0.1202,0.0453,0.2602,1]},
{"frame":25,"values":[0.9976,0,-0.0696,0,0,1,0,0,-0.0696,0,-0.9976,0,0.1202,0.0453,0.2602,1]},
{"frame":26,"values":[0.9971,0,-0.0755,0,0,1,0,0,-0.0755,0,-0.9971,0,0.1202,0.0453,0.2602,1]},
{"frame":27,"values":[0.9967,0,-0.0816,0,0,1,0,0,-0.0816,0,-0.9967,0,0.1202,0.0453,0.2602,1]},
{"frame":28,"values":[0.9961,0,-0.088,0,0,1,0,0,-0.088,0,-0.9961,0,0.1202,0.0453,0.2602,1]},
{"frame":29,"values":[0.9955,0,-0.0946,0,0,1,0,0,-0.0946,0,-0.9955,0,0.1202,0.0453,0.2602,1]},
{"frame":30,"values":[0.9948,0,-0.1014,0,0,1,0,0,-0.1014,0,-0.9948,0,0.1202,0.0453,0.2602,1]},
{"frame":31,"values":[0.9941,0,-0.1084,0,0,1,0,0,-0.1084,0,-0.9941,0,0.1202,0.0453,0.2602,1]},
{"frame":32,"values":[0.9933,0,-0.1157,0,0,1,0,0,-0.1157,0,-0.9933,0,0.1202,0.0453,0.2602,1]},
{"frame":33,"values":[0.9924,0,-0.1231,0,0,1,0,0,-0.1231,0,-0.9924,0,0.1202,0.0453,0.2602,1]},
{"frame":34,"values":[0.9914,0,-0.1308,0,0,1,0,0,-0.1308,0,-0.9914,0,0.1202,0.0453,0.2602,1]},
{"frame":35,"values":[0.9903,0,-0.1387,0,0,1,0,0,-0.1387,0,-0.9903,0,0.1202,0.0453,0.2602,1]},
{"frame":36,"values":[0.9892,0,-0.1467,0,0,1,0,0,-0.1467,0,-0.9892,0,0.1202,0.0453,0.2602,1]},
{"frame":37,"values":[0.9879,0,-0.155,0,0,1,0,0,-0.155,0,-0.9879,0,0.1202,0.0453,0.2602,1]},
{"frame":38,"values":[0.9866,0,-0.1634,0,0,1,0,0,-0.1634,0,-0.9866,0,0.1202,0.0453,0.2602,1]},
{"frame":39,"values":[0.9851,0,-0.172,0,0,1,0,0,-0.172,0,-0.9851,0,0.1202,0.0453,0.2602,1]},
{"frame":40,"values":[0.9835,0,-0.1808,0,0,1,0,0,-0.1808,0,-0.9835,0,0.1202,0.0453,0.2602,1]},
{"frame":41,"values":[0.9818,0,-0.1897,0,0,1,0,0,-0.1897,0,-0.9818,0,0.1202,0.0453,0.2602,1]},
{"frame":42,"values":[0.98,0,-0.1988,0,0,1,0,0,-0.1988,0,-0.98,0,0.1202,0.0453,0.2602,1]},
{"frame":43,"values":[0.9781,0,-0.208,0,0,1,0,0,-0.208,0,-0.9781,0,0.1202,0.0453,0.2602,1]},
{"frame":44,"values":[0.9761,0,-0.2173,0,0,1,0,0,-0.2173,0,-0.9761,0,0.1202,0.0453,0.2602,1]},
{"frame":45,"values":[0.9739,0,-0.2268,0,0,1,0,0,-0.2268,0,-0.9739,0,0.1202,0.0453,0.2602,1]},
{"frame":46,"values":[0.9716,0,-0.2364,0,0,1,0,0,-0.2364,0,-0.9716,0,0.1202,0.0453,0.2602,1]},
{"frame":47,"values":[0.9692,0,-0.2461,0,0,1,0,0,-0.2461,0,-0.9692,0,0.1202,0.0453,0.2602,1]},
{"frame":48,"values":[0.9667,0,-0.256,0,0,1,0,0,-0.256,0,-0.9667,0,0.1202,0.0453,0.2602,1]},
{"frame":49,"values":[0.964,0,-0.2659,0,0,1,0,0,-0.2659,0,-0.964,0,0.1202,0.0453,0.2602,1]},
{"frame":50,"values":[0.9612,0,-0.2758,0,0,1,0,0,-0.2758,0,-0.9612,0,0.1202,0.0453,0.2602,1]},
{"frame":51,"values":[0.9583,0,-0.2859,0,0,1,0,0,-0.2859,0,-0.9583,0,0.1202,0.0453,0.2602,1]},
{"frame":52,"values":[0.9552,0,-0.296,0,0,1,0,0,-0.296,0,-0.9552,0,0.1202,0.0453,0.2602,1]},
{"frame":53,"values":[0.952,0,-0.3062,0,0,1,0,0,-0.3062,0,-0.952,0,0.1202,0.0453,0.2602,1]},
{"frame":54,"values":[0.9486,0,-0.3163,0,0,1,0,0,-0.3163,0,-0.9486,0,0.1202,0.0453,0.2602,1]},
{"frame":55,"values":[0.9452,0,-0.3266,0,0,1,0,0,-0.3266,0,-0.9452,0,0.1202,0.0453,0.2602,1]},
{"frame":56,"values":[0.9416,0,-0.3368,0,0,1,0,0,-0.3368,0,-0.9416,0,0.1202,0.0453,0.2602,1]},
{"frame":57,"values":[0.9379,0,-0.347,0,0,1,0,0,-0.347,0,-0.9379,0,0.1202,0.0453,0.2602,1]},
{"frame":58,"values":[0.934,0,-0.3572,0,0,1,0,0,-0.3572,0,-0.934,0,0.1202,0.0453,0.2602,1]},
{"frame":59,"values":[0.93,0,-0.3674,0,0,1,0,0,-0.3674,0,-0.93,0,0.1202,0.0453,0.2602,1]},
{"frame":60,"values":[0.926,0,-0.3776,0,0,1,0,0,-0.3776,0,-0.926,0,0.1202,0.0453,0.2602,1]},
{"frame":61,"values":[0.9218,0,-0.3877,0,0,1,0,0,-0.3877,0,-0.9218,0,0.1202,0.0453,0.2602,1]},
{"frame":62,"values":[0.9175,0,-0.3978,0,0,1,0,0,-0.3978,0,-0.9175,0,0.1202,0.0453,0.2602,1]},
{"frame":63,"values":[0.9131,0,-0.4078,0,0,1,0,0,-0.4078,0,-0.9131,0,0.1202,0.0453,0.2602,1]},
{"frame":64,"values":[0.9085,0,-0.4178,0,0,1,0,0,-0.4178,0,-0.9085,0,0.1202,0.0453,0.2602,1]},
{"frame":65,"values":[0.9039,0,-0.4277,0,0,1,0,0,-0.4277,0,-0.9039,0,0.1202,0.0453,0.2602,1]},
{"frame":66,"values":[0.8993,0,-0.4374,0,0,1,0,0,-0.4374,0,-0.8993,0,0.1202,0.0453,0.2602,1]},
{"frame":67,"values":[0.8945,0,-0.4471,0,0,1,0,0,-0.4471,0,-0.8945,0,0.1202,0.0453,0.2602,1]},
{"frame":68,"values":[0.8896,0,-0.4567,0,0,1,0,0,-0.4567,0,-0.8896,0,0.1202,0.0453,0.2602,1]},
{"frame":69,"values":[0.8847,0,-0.4661,0,0,1,0,0,-0.4661,0,-0.8847,0,0.1202,0.0453,0.2602,1]},
{"frame":70,"values":[0.8797,0,-0.4754,0,0,1,0,0,-0.4754,0,-0.8797,0,0.1202,0.0453,0.2602,1]},
{"frame":71,"values":[0.8747,0,-0.4846,0,0,1,0,0,-0.4846,0,-0.8747,0,0.1202,0.0453,0.2602,1]},
{"frame":72,"values":[0.8697,0,-0.4937,0,0,1,0,0,-0.4937,0,-0.8697,0,0.1202,0.0453,0.2602,1]},
{"frame":73,"values":[0.8645,0,-0.5026,0,0,1,0,0,-0.5026,0,-0.8645,0,0.1202,0.0453,0.2602,1]},
{"frame":74,"values":[0.8594,0,-0.5113,0,0,1,0,0,-0.5113,0,-0.8594,0,0.1202,0.0453,0.2602,1]},
{"frame":75,"values":[0.8542,0,-0.5199,0,0,1,0,0,-0.5199,0,-0.8542,0,0.1202,0.0453,0.2602,1]},
{"frame":76,"values":[0.8491,0,-0.5283,0,0,1,0,0,-0.5283,0,-0.8491,0,0.1202,0.0453,0.2602,1]},
{"frame":77,"values":[0.8439,0,-0.5365,0,0,1,0,0,-0.5365,0,-0.8439,0,0.1202,0.0453,0.2602,1]},
{"frame":78,"values":[0.8387,0,-0.5446,0,0,1,0,0,-0.5446,0,-0.8387,0,0.1202,0.0453,0.2602,1]},
{"frame":79,"values":[0.8335,0,-0.5525,0,0,1,0,0,-0.5525,0,-0.8335,0,0.1202,0.0453,0.2602,1]},
{"frame":80,"values":[0.8284,0,-0.5601,0,0,1,0,0,-0.5601,0,-0.8284,0,0.1202,0.0453,0.2602,1]},
{"frame":81,"values":[0.8233,0,-0.5677,0,0,1,0,0,-0.5677,0,-0.8233,0,0.1202,0.0453,0.2602,1]},
{"frame":82,"values":[0.8182,0,-0.575,0,0,1,0,0,-0.575,0,-0.8182,0,0.1202,0.0453,0.2602,1]},
{"frame":83,"values":[0.8131,0,-0.5821,0,0,1,0,0,-0.5821,0,-0.8131,0,0.1202,0.0453,0.2602,1]},
{"frame":84,"values":[0.8081,0,-0.589,0,0,1,0,0,-0.589,0,-0.8081,0,0.1202,0.0453,0.2602,1]},
{"frame":85,"values":[0.8032,0,-0.5957,0,0,1,0,0,-0.5957,0,-0.8032,0,0.1202,0.0453,0.2602,1]},
{"frame":86,"values":[0.7983,0,-0.6022,0,0,1,0,0,-0.6022,0,-0.7983,0,0.1202,0.0453,0.2602,1]},
{"frame":87,"values":[0.7935,0,-0.6085,0,0,1,0,0,-0.6085,0,-0.7935,0,0.1202,0.0453,0.2602,1]},
{"frame":88,"values":[0.7888,0,-0.6147,0,0,1,0,0,-0.6147,0,-0.7888,0,0.1202,0.0453,0.2602,1]},
{"frame":89,"values":[0.7842,0,-0.6206,0,0,1,0,0,-0.6206,0,-0.7842,0,0.1202,0.0453,0.2602,1]},
{"frame":90,"values":[0.7796,0,-0.6263,0,0,1,0,0,-0.6263,0,-0.7796,0,0.1202,0.0453,0.2602,1]},
{"frame":91,"values":[0.7752,0,-0.6318,0,0,1,0,0,-0.6318,0,-0.7752,0,0.1202,0.0453,0.2602,1]},
{"frame":92,"values":[0.7708,0,-0.6371,0,0,1,0,0,-0.6371,0,-0.7708,0,0.1202,0.0453,0.2602,1]},
{"frame":93,"values":[0.7666,0,-0.6421,0,0,1,0,0,-0.6421,0,-0.7666,0,0.1202,0.0453,0.2602,1]},
{"frame":94,"values":[0.7625,0,-0.647,0,0,1,0,0,-0.647,0,-0.7625,0,0.1202,0.0453,0.2602,1]},
{"frame":95,"values":[0.7585,0,-0.6517,0,0,1,0,0,-0.6517,0,-0.7585,0,0.1202,0.0453,0.2602,1]},
{"frame":96,"values":[0.7546,0,-0.6562,0,0,1,0,0,-0.6562,0,-0.7546,0,0.1202,0.0453,0.2602,1]},
{"frame":97,"values":[0.7508,0,-0.6605,0,0,1,0,0,-0.6605,0,-0.7508,0,0.1202,0.0453,0.2602,1]},
{"frame":98,"values":[0.7472,0,-0.6646,0,0,1,0,0,-0.6646,0,-0.7472,0,0.1202,0.0453,0.2602,1]},
{"frame":99,"values":[0.7438,0,-0.6685,0,0,1,0,0,-0.6685,0,-0.7438,0,0.1202,0.0453,0.2602,1]},
{"frame":100,"values":[0.7404,0,-0.6721,0,0,1,0,0,-0.6721,0,-0.7404,0,0.1202,0.0453,0.2602,1]},
{"frame":101,"values":[0.7372,0,-0.6756,0,0,1,0,0,-0.6756,0,-0.7372,0,0.1202,0.0453,0.2602,1]},
{"frame":102,"values":[0.7342,0,-0.6789,0,0,1,0,0,-0.6789,0,-0.7342,0,0.1202,0.0453,0.2602,1]},
{"frame":103,"values":[0.7313,0,-0.6821,0,0,1,0,0,-0.6821,0,-0.7313,0,0.1202,0.0453,0.2602,1]},
{"frame":104,"values":[0.7286,0,-0.685,0,0,1,0,0,-0.685,0,-0.7286,0,0.1202,0.0453,0.2602,1]},
{"frame":105,"values":[0.726,0,-0.6877,0,0,1,0,0,-0.6877,0,-0.726,0,0.1202,0.0453,0.2602,1]},
{"frame":106,"values":[0.7236,0,-0.6902,0,0,1,0,0,-0.6902,0,-0.7236,0,0.1202,0.0453,0.2602,1]},
{"frame":107,"values":[0.7213,0,-0.6926,0,0,1,0,0,-0.6926,0,-0.7213,0,0.1202,0.0453,0.2602,1]},
{"frame":108,"values":[0.7192,0,-0.6948,0,0,1,0,0,-0.6948,0,-0.7192,0,0.1202,0.0453,0.2602,1]},
{"frame":109,"values":[0.7173,0,-0.6968,0,0,1,0,0,-0.6968,0,-0.7173,0,0.1202,0.0453,0.2602,1]},
{"frame":110,"values":[0.7155,0,-0.6986,0,0,1,0,0,-0.6986,0,-0.7155,0,0.1202,0.0453,0.2602,1]},
{"frame":111,"values":[0.7139,0,-0.7002,0,0,1,0,0,-0.7002,0,-0.7139,0,0.1202,0.0453,0.2602,1]},
{"frame":112,"values":[0.7125,0,-0.7017,0,0,1,0,0,-0.7017,0,-0.7125,0,0.1202,0.0453,0.2602,1]},
{"frame":113,"values":[0.7112,0,-0.703,0,0,1,0,0,-0.703,0,-0.7112,0,0.1202,0.0453,0.2602,1]},
{"frame":114,"values":[0.7101,0,-0.7041,0,0,1,0,0,-0.7041,0,-0.7101,0,0.1202,0.0453,0.2602,1]},
{"frame":115,"values":[0.7092,0,-0.705,0,0,1,0,0,-0.705,0,-0.7092,0,0.1202,0.0453,0.2602,1]},
{"frame":116,"values":[0.7085,0,-0.7058,0,0,1,0,0,-0.7058,0,-0.7085,0,0.1202,0.0453,0.2602,1]},
{"frame":117,"values":[0.7079,0,-0.7064,0,0,1,0,0,-0.7064,0,-0.7079,0,0.1202,0.0453,0.2602,1]},
{"frame":118,"values":[0.7074,0,-0.7068,0,0,1,0,0,-0.7068,0,-0.7074,0,0.1202,0.0453,0.2602,1]},
{"frame":119,"values":[0.7072,0,-0.707,0,0,1,0,0,-0.707,0,-0.7072,0,0.1202,0.0453,0.2602,1]},
{"frame":120,"values":[0.7071,0,-0.7071,0,0,1,0,0,-0.7071,0,-0.7071,0,0.1202,0.0453,0.2602,1]}],"loopBehavior":1,"name":"anim","property":"_matrix"}},
{"name":"Bone.001","index":1,"matrix":[1,0,0,0,0,1,0,0,0,0,-1,0,0.0159,0.0453,0.357,1],"rest":[1,0,0,0,0,1,0,0,0,0,-1,0,0.0159,0.0453,0.357,1],"parentBoneIndex":-1,"length":1
,"animation":{"dataType":3,"framePerSecond":120,"keys":[
{"frame":1,"values":[1,0,0,0,0,1,0,0,0,0,-1,0,0.0159,0.0453,0.357,1]},
{"frame":120,"values":[1,0,0,0,0,1,0,0,0,0,-1,0,0.0159,0.0453,0.357,1]}],"loopBehavior":1,"name":"anim","property":"_matrix"}}]
,"ranges":[{"name":"ArmatureAction","from":0,"to":120}]}],
"meshes":[{"name":"NarrowInline_Hinge_PAR","id":"NarrowInline_Hinge_PAR","billboardMode":0,"position":[-0.0159,-0.0453,-0.357],"rotation":[0,0,0],"scaling":[1,1,1],"isVisible":true,"freezeWorldMatrix":false,"isEnabled":true,"checkCollisions":false,"receiveShadows":false,"pickable":true,"tags":"","skeletonId":0,"numBoneInfluencers":1
,"positions":[0.0574,-0.0485,-0.3651,0.0555,0.0501,-0.3635,0.0555,-0.0485,-0.3635,0.1042,-0.0452,0.4077,0.1069,0.0452,0.4068,0.1042,0.0452,0.4077,0.0978,0.0669,-0.3467,0.095,0.0754,-0.3488,0.095,0.0669,-0.3488,0.0225,-0.0334,-0.4675,0.0225,-0.0364,-0.4603,0.0225,-0.0507,-0.4974,0.1094,0.0176,0.2529,0.1115,-0.0176,0.2503,0.1094,-0.0176,0.2529,0.0706,-0.0374,-0.3437,0.0676,-0.0495,-0.3425
,0.0706,-0.0495,-0.3437,0.0607,0.0375,-0.3669,0.0638,0.0149,-0.3674,0.0607,0.0149,-0.3669,0.0812,0.0452,0.3935,0.0815,-0.0452,0.3966,0.0812,-0.0452,0.3935,-0.0952,-0.0664,0.3664,-0.0951,-0.0638,0.3631,-0.097,-0.0638,0.3646,0.0903,-0.0623,0.382,0.0934,-0.0754,0.3796,0.0903,-0.0754,0.382,0.1074,-0.0177,0.267,0.1067,-0.0177,0.2646,0.1067,-0.0177,0.2646,0.0977,-0.0893,0.2589
,0.0977,-0.0887,0.2621,0.0977,-0.0893,0.2621,-0.063,0.0086,-0.1813,-0.0338,0.0062,-0.1798,-0.063,0.0062,-0.1798,0.0772,0.0149,-0.3735,0.0806,0.0375,-0.3707,0.0772,0.0375,-0.3735,-0.1005,-0.052,0.3695,-0.1011,0.052,0.3727,-0.1005,0.052,0.3695,0.0691,-0.0359,-0.377,0.0647,-0.0133,-0.3775,0.0647,-0.0359,-0.3775,0.0289,-0.0808,0.1844,0.032,-0.0802,0.1845,0.032,-0.0808,0.1844
,0.0783,0.0618,-0.3471,0.0813,0.0528,-0.3494,0.0783,0.0528,-0.3471,0.0931,-0.0785,0.0457,0.0905,-0.0781,0.0444,0.0907,-0.0785,0.0441,0.1163,-0.0865,0.2751,0.1125,-0.0865,0.2736,0.1037,-0.0865,0.2904,0.0577,0.0375,-0.3656,0.0577,0.0149,-0.3656,0.0446,-0.0774,0.1574,0.045,-0.0674,0.1587,0.0446,-0.0674,0.1574,0.0285,-0.0802,0.1394,0.0254,-0.0796,0.1399,0.0254,-0.0802,0.1399
,0.1086,0.0754,0.4058,0.105,0.0623,0.4073,0.1086,0.0623,0.4058,0.1134,0.0251,0.2487,0.1168,0.0654,0.2469,0.1168,0.0251,0.2469,0.066,0.0601,0.0425,0.0632,0.0601,0.0419,0.0649,0.0531,0.0422,0.0715,-0.0674,0.0527,0.0716,-0.0774,0.0512,0.0722,-0.0674,0.0518,0.0521,-0.0802,0.1677,0.0527,-0.0796,0.1646,0.0527,-0.0802,0.1646,0.1147,0.0251,0.301,0.1155,-0.0251,0.3006
,0.1155,0.0251,0.3006,0.0401,-0.0818,0.1426,0.0429,-0.0814,0.1438,0.0403,-0.0814,0.1422,0.1822,0.0573,0.3072,0.1786,-0.0573,0.3023,0.1822,-0.0573,0.3072,0.0346,-0.0286,-0.4738,0.0346,-0.0223,-0.4786,0.0346,-0.0507,-0.4974,0.0571,-0.0133,-0.344,0.0547,-0.0359,-0.3461,0.0571,-0.0359,-0.344,0.0856,-0.0802,0.0417,0.0828,-0.0796,0.0413,0.0828,-0.0802,0.0413,0.1073,-0.0153,-0.0109
,0.0933,-0.0153,-0.046,0.1074,-0.0153,-0.046,0.0085,-0.0808,0.1563,0.0094,-0.0802,0.1533,0.0084,-0.0802,0.1562,0.0346,0.0523,-0.4974,0.0346,0.0302,-0.4738,0.0346,0.035,-0.4675,0.0302,0.0528,0.0603,0.0293,0.0669,0.0502,0.0302,0.0669,0.0603,0.0711,0.0955,0.0543,0.0699,0.0769,0.0572,0.0711,0.0769,0.0543,0.0418,-0.0359,-0.3508,0.043,-0.0133,-0.3465,0.043,-0.0359,-0.3465
,0.0346,0.0302,-0.4311,0.0225,0.035,-0.4374,0.0225,0.0302,-0.4311,0.1108,0.0452,0.41,0.1079,-0.0452,0.4113,0.1079,0.0452,0.4113,0.0346,-0.0367,-0.1598,0.0225,-0.0372,-0.161,0.0346,-0.0372,-0.161,0.1035,-0.0452,0.3775,0.1006,0.0452,0.3774,0.1035,0.0452,0.3775,0.1967,0.0573,0.3395,0.1956,-0.0573,0.3432,0.1956,0.0573,0.3432,0.0933,0.0133,-0.0536,0.1074,0.0108,-0.0568
,0.0933,0.0108,-0.0568,0.0682,-0.0528,0.0303,0.0681,-0.0669,0.0333,0.0682,-0.0669,0.0303,0.0625,0.039,-0.3949,0.0645,0.039,-0.3672,0.0677,0.039,-0.3667,0.1052,-0.008,-0.0369,0.1056,-0.0062,-0.0382,0.1052,-0.0061,-0.0379,-0.0818,0.0664,0.3625,-0.0792,0.0533,0.3645,-0.0818,0.0533,0.3625,0.1795,0.0573,0.3319,0.1823,-0.0573,0.3302,0.1823,0.0573,0.3302,0.0258,-0.0802,0.1841
,0.0289,-0.0796,0.1845,0.0289,-0.0802,0.1845,0.1025,-0.0133,-0.3392,0.102,-0.0359,-0.3384,0.102,-0.0133,-0.3384,0.0935,-0.0623,0.4058,0.0903,-0.0754,0.4034,0.0935,-0.0754,0.4058,0.0531,-0.0674,-0.3672,0.0541,-0.0774,-0.3696,0.0541,-0.0674,-0.3696,0.0991,0.0739,-0.3565,0.098,0.0809,-0.3571,0.0991,0.0809,-0.3565,0.1242,0.0865,0.2453,0.128,0.0764,0.2468,0.1242,0.0764,0.2453
,0.0595,-0.0485,-0.343,0.0574,0.0501,-0.3442,0.0595,0.0501,-0.343,0.1447,-0.0764,0.2781,0.1424,-0.0865,0.2822,0.1424,-0.0764,0.2822,0.1242,0.0176,0.2456,0.1265,0.0176,0.2462,0.1217,0.0176,0.2455,0.0357,0.0495,0.0146,0.0488,0.039,0.0125,0.0357,0.039,0.0125,0.0736,0.012,0.0028,0.0761,0.017,0.0027,0.0762,0.0131,0.0049,-0.0997,-0.0638,0.3783,-0.0985,0.0297,0.3805
,-0.0985,-0.0638,0.3805,0.0404,0.039,-0.2553,0.048,0.039,-0.2588,0.048,0.0441,-0.2588,0.0536,0.039,-0.266,0.0528,0.0452,-0.2636,0.0528,0.039,-0.2636,0.0529,0.0453,-0.2639,0.0536,0.0457,-0.266,0.0538,0.039,-0.2679,0.0536,0.0458,-0.2661,0.0538,0.0462,-0.2679,0.0496,0.0443,-0.2598,0.0515,0.039,-0.2615,0.0501,0.0444,-0.2602,0.0514,0.0447,-0.2615,0.0515,0.039,-0.2615
,0.0528,0.039,-0.2636,0.0514,0.0447,-0.2615,0.0528,0.039,-0.2636,0.0517,0.0448,-0.2618,0.0514,0.0447,-0.2615,0.0517,0.0448,-0.2618,0.0753,0.0754,-0.3334,0.0749,0.0669,-0.336,0.0749,0.0754,-0.336,0.0491,0.039,-0.2595,0.0496,0.039,-0.2598,0.0494,0.0485,-0.2781,0.0496,0.0485,-0.2779,0.0491,0.039,-0.2783,0.0496,0.039,-0.278,0.1398,-0.0875,0.2706,0.1408,-0.0871,0.2675
,0.1411,-0.0875,0.2677,0.1053,0.0356,-0.1338,0.1059,0.0339,-0.1301,0.1059,0.0359,-0.1336,0.048,0.0487,-0.2789,0.0496,0.0485,-0.2779,0.0494,0.0485,-0.2781,0.0934,-0.0739,-0.3247,0.0833,-0.0737,-0.3247,0.0916,-0.0733,-0.3242,0.0999,0.0049,-0.1131,0.1027,0.0043,-0.113,0.1028,0.0049,-0.1131,0.089,0.0442,-0.13,0.0899,0.0465,-0.1344,0.0899,0.0444,-0.1298,0.1118,0.0528,-0.3217
,0.1149,0.0669,-0.3279,0.1149,0.0528,-0.3279,0.1097,-0.0875,0.2797,0.1072,-0.0871,0.2776,0.1099,-0.0871,0.2793,0.1006,-0.0452,0.3774,0.0978,0.0452,0.3777,0.1006,0.0452,0.3774,0.0316,-0.0808,0.1395,0.0285,-0.0808,0.1396,0.0263,-0.0674,0.1769,0.0225,-0.0774,0.1753,0.0263,-0.0774,0.1769,0.0236,0.0626,-0.3054,0.0236,0.0636,-0.2936,0.0316,0.0636,-0.2966,0.0743,-0.0528,-0.3359
,0.0742,-0.0618,-0.3372,0.0743,-0.0618,-0.3359,0.0555,-0.0495,-0.3635,0.0534,-0.0374,-0.3609,0.0555,-0.0374,-0.3635,0.1348,0.0288,-0.2983,0.1249,0.0326,-0.2954,0.1349,0.0326,-0.2959,0.0347,-0.0802,0.1398,0.0316,-0.0796,0.1394,0.0316,-0.0802,0.1394,0.0931,0.0153,-0.02,0.0936,0.0145,-0.0181,0.0932,0.0148,-0.0179,0.0871,-0.0452,0.3862,0.0862,0.0452,0.3888,0.0871,0.0452,0.3862
,0.0529,0.0375,-0.3488,0.0518,0.0149,-0.3518,0.0529,0.0149,-0.3488,0.0081,-0.0452,0.3859,-0.0016,-0.0452,0.3876,0.0007,-0.0452,0.4005,-0.0943,-0.0664,0.3844,-0.097,-0.0533,0.3825,-0.097,-0.0664,0.3825,0.1006,-0.0893,0.2714,0.1024,-0.0887,0.2741,0.1024,-0.0893,0.2741,-0.0615,0.0533,0.3977,-0.0628,0.0664,0.3975,-0.0615,0.0664,0.3977,0.1027,0.0528,0.0961,0.1113,0.0669,0.0933
,0.1113,0.0528,0.0933,0.065,-0.0374,0.0418,0.0618,-0.0374,0.0414,0.0488,-0.0374,0.0125,0.066,-0.0593,0.0647,0.0632,-0.0585,0.0655,0.066,-0.0585,0.0648,0.1051,-0.0912,0.2453,0.1047,-0.0909,0.2449,0.1027,-0.0909,0.2473,-0.0817,0.0533,0.3844,-0.0847,0.0664,0.3857,-0.0847,0.0533,0.3857,0.0953,-0.0528,-0.3493,0.0982,-0.0618,-0.3471,0.0953,-0.0618,-0.3493,0.0937,-0.0352,-0.272
,0.1078,-0.038,-0.2658,0.0937,-0.038,-0.2658,0.1141,-0.0754,0.4002,0.1117,-0.0623,0.4033,0.1117,-0.0754,0.4033,0.035,-0.0528,-0.3363,0.0438,-0.0669,-0.3271,0.035,-0.0669,-0.3363,0.0917,-0.0461,-0.1939,0.092,-0.0468,-0.1918,0.0923,-0.0445,-0.1972,0.0538,0.0621,-0.2698,0.0538,0.0621,-0.2696,0.0357,0.0621,-0.2696,0.0858,-0.0452,0.3945,0.0864,0.0452,0.3972,0.0858,0.0452,0.3945
,-0.1033,0.0468,0.362,-0.1033,-0.0468,0.362,-0.0947,-0.052,0.3622,0.1168,0.0176,0.2753,0.1138,-0.0176,0.2738,0.1168,-0.0176,0.2753,0.081,-0.0674,0.0729,0.0815,0.0769,0.0729,0.0815,-0.0674,0.0729,0.1062,0.0452,0.3783,0.0357,-0.0479,0.0146,0.0404,-0.0374,0.0125,0.0488,-0.0479,0.0146,0.0663,-0.0133,-0.342,0.0631,-0.0359,-0.3419,0.0663,-0.0359,-0.342,-0.0603,0.0533,0.3982
,-0.0603,0.0664,0.3982,0.1257,-0.0402,-0.2797,0.1355,-0.0397,-0.2847,0.1357,-0.0402,-0.2802,0.0663,0.0511,0.0834,0.0651,0.039,0.0874,0.0651,0.0511,0.0874,0.0357,-0.0412,-0.2531,0.048,-0.0374,-0.2588,0.0357,-0.0374,-0.2531,0.1073,0.042,-0.1529,0.1072,0.0413,-0.1723,0.1071,0.0411,-0.1723,0.0942,-0.0148,-0.0263,0.1049,-0.0151,-0.0248,0.1048,-0.0148,-0.0269,0.1357,0.0272,-0.0117
,0.1347,0.0272,-0.0116,0.1345,0.028,-0.0133,0.1805,-0.0494,0.2861,0.181,-0.0488,0.2849,0.1805,-0.0494,0.2849,0.0189,-0.0934,-0.476,0.0189,-0.0924,-0.4793,0.0176,-0.0925,-0.4795,0.0496,-0.0427,-0.2598,0.048,-0.0471,-0.2789,0.0538,-0.0446,-0.2679,0.0528,-0.0374,-0.2741,0.0536,-0.0454,-0.2716,0.0529,-0.0459,-0.2739,0.0305,0.0591,0.4153,0.0301,0.0616,0.4137,0.0617,0.0689,0.4143
,0.0494,-0.0427,-0.2596,0.0496,-0.0374,-0.2598,0.0491,-0.0374,-0.2595,0.0344,0.0625,0.0541,0.0342,0.064,0.0549,0.0343,0.0649,0.0536,-0.0757,-0.0638,0.371,-0.0755,0.0297,0.3734,-0.0757,0.0297,0.371,-0.1095,-0.0533,0.3721,-0.1105,-0.0664,0.3714,-0.1105,-0.0533,0.3714,0.1052,0.0636,-0.3947,0.1063,-0.062,-0.3961,0.1063,0.0636,-0.3961,0.0529,-0.0774,0.0834,0.0528,-0.0674,-0.3647
,0.0529,-0.0674,0.0834,-0.0271,-0.0503,0.3537,-0.0216,0.0503,0.3522,-0.0271,0.0503,0.3537,-0.1118,0.052,0.3719,-0.1127,0.0649,0.3717,-0.1127,0.052,0.3717,0.0451,-0.0374,-0.0263,0.0728,-0.0407,-0.0263,0.0728,-0.0374,-0.0263,0.0491,-0.0374,-0.0545,0.0728,-0.0374,-0.0545,0.0728,-0.0407,-0.0545,0.0312,-0.0644,-0.4798,0.0302,-0.0637,-0.4786,0.0292,-0.0642,-0.48,0.0319,0.0633,-0.4296
,0.0317,0.0507,-0.3949,0.0315,0.0638,-0.4316,0.0938,-0.0151,-0.0242,0.0932,-0.015,-0.0263,0.0933,-0.0153,-0.0242,0.055,-0.0585,0.0635,0.0529,-0.0593,0.0615,0.0529,-0.0585,0.0616,0.1067,-0.0393,-0.1822,0.1065,-0.0376,-0.187,0.1068,-0.0377,-0.1871,0.0859,0.0561,-0.3233,0.0834,0.0565,-0.324,0.0848,0.0528,-0.3235,0.0316,0.0624,-0.2849,0.0236,0.0616,-0.2819,0.0189,-0.0934,0.0843
,-0.0613,-0.0947,0.0828,-0.0613,-0.0941,0.0859,0.0723,-0.0593,0.0482,0.0705,-0.06,0.046,0.072,-0.06,0.0483,0.1503,-0.0283,0.0022,0.1494,-0.0268,0.0007,0.1491,-0.0316,-0.005,0.1124,-0.0875,0.2395,0.1097,-0.0871,0.2411,0.1095,-0.0875,0.2408,0.0596,-0.0588,0.0573,0.0602,-0.0585,0.0579,0.0594,-0.0585,0.0575,0.106,0.0045,-0.0398,0.1058,0,-0.0399,0.106,0,-0.0404
,0.0626,-0.0582,0.0583,0.0618,-0.0579,0.0586,0.0618,-0.0582,0.0584,-0.0797,0.0322,0.3791,-0.0764,0.0297,0.3783,-0.0776,0.0297,0.3804,0.0576,-0.0588,0.0545,0.0576,-0.0589,0.0537,0.0579,-0.0591,0.0545,0.143,0.024,0.2427,0.1426,0.0245,0.243,0.1405,0.0245,0.2409,0.0573,-0.0579,0.0556,0.0579,-0.0582,0.0564,0.0576,-0.0579,0.0561,0.1531,0.0247,0.2624,0.1549,0.0249,0.2642
,0.1546,0.025,0.2643,0.0092,-0.0818,0.1565,0.0082,-0.0814,0.1593,0.0086,-0.0818,0.1594,0.0605,-0.0579,0.0584,0.0601,-0.0579,0.0582,0.061,-0.0582,0.0583,0.0601,-0.0582,0.0581,0.0594,-0.0579,0.0579,0.0593,-0.0582,0.0577,0.0714,0.0216,-0.0393,0.0736,0.0205,-0.0443,0.0738,0.0236,-0.041,0.0583,-0.0579,0.0571,0.0578,-0.0579,0.0564,0.0586,-0.0582,0.0571,0.0633,-0.0588,0.0577
,0.0625,-0.0588,0.0579,0.0632,-0.059,0.0575,0.0625,-0.0588,0.0579,0.0618,-0.059,0.0578,0.0632,-0.059,0.0575,0.0618,-0.0588,0.0579,0.0618,-0.059,0.0578,0.1204,0.0185,-0.0546,0.1193,0.0184,-0.0545,0.1192,0.0178,-0.0549,0.0661,-0.0582,0.0555,0.0664,-0.0582,0.0546,0.0662,-0.0579,0.0556,0.0665,-0.0579,0.0549,0.0634,-0.0582,0.0581,0.0631,-0.0579,0.0584,0.0635,0.0595,0.0492
,0.0642,0.0595,0.0495,0.068,0.039,0.043,0.0643,-0.0582,0.0577,0.0642,-0.0579,0.0579,0.0635,-0.0579,0.0582,0.065,-0.0582,0.0571,0.0657,-0.0582,0.0564,0.0652,-0.0579,0.0571,0.0773,-0.0818,0.0425,0.0745,-0.0814,0.043,0.0746,-0.0818,0.0434,0.1011,0.0623,0.4078,0.0971,0.0754,0.4073,0.0971,0.0623,0.4073,0.0631,-0.0593,0.0571,0.0639,-0.0591,0.0571,0.0632,-0.0591,0.0574
,0.0596,0.061,0.056,0.0593,0.0609,0.0563,0.0597,0.0607,0.0571,0.0643,-0.0593,0.0563,0.0645,-0.0591,0.0566,0.0651,-0.0593,0.0551,0.0591,0.0611,0.0548,0.0588,0.061,0.055,0.1296,0.0098,-0.0172,0.1297,0.0078,-0.0153,0.1626,0.0087,-0.0177,0.0898,0.0419,-0.1256,0.1002,0.0661,-0.341,0.1004,0.0659,-0.3405,0.0999,0.0659,-0.3403,0.0585,-0.0593,0.0551,0.0582,-0.0591,0.0552
,0.0582,-0.0593,0.0537,0.0925,0.0128,-0.0322,0.0928,0.0112,-0.0336,0.0929,0.0125,-0.032,0.0572,-0.0582,0.0546,0.0574,-0.0582,0.0555,0.0571,-0.0579,0.0549,0.0591,-0.0591,0.0566,0.0605,-0.0593,0.0571,0.0597,-0.0591,0.0571,0.1556,-0.0474,0.2647,0.1555,-0.0246,0.2639,0.1551,-0.0248,0.264,0.0705,0.0617,0.046,0.0685,0.0609,0.044,0.0706,0.0609,0.0458,0.0585,-0.0591,0.0559
,0.0593,-0.0593,0.0563,0.0629,0.061,0.0567,0.0643,0.0609,0.0563,0.064,0.061,0.056,0.1294,-0.0764,0.2482,0.1288,-0.0865,0.2467,0.13,-0.0865,0.2475,0.0588,-0.0594,0.055,0.0587,-0.0595,0.0537,0.0591,-0.0595,0.0548,0.0469,-0.0822,0.1751,0.0473,-0.0818,0.1755,0.049,-0.0818,0.173,0.1345,-0.0177,0.2515,0.1344,-0.0176,0.2515,0.1358,-0.0176,0.2536,0.0664,-0.0584,0.0537
,0.0662,-0.0585,0.0546,0.0665,-0.0582,0.0537,0.0666,0.0595,0.0527,0.0667,0.0595,0.0537,0.0741,0.039,0.0537,0.0667,-0.0579,0.0537,0.0666,-0.0579,0.0546,0.1277,0.0282,-0.0461,0.1275,0.0267,-0.0479,0.1287,0.0272,-0.0474,0.0714,0.0754,0.402,0.0715,0.0623,0.4012,0.0711,0.0623,0.401,0.0618,0.0601,0.0492,0.0626,0.0598,0.049,0.0618,0.0598,0.049,0.0626,0.0598,0.0583
,0.0618,0.0598,0.0584,0.0618,0.0595,0.0586,0.0657,-0.0591,0.0545,0.0654,-0.0591,0.0552,0.0655,-0.0592,0.0537,0.065,-0.0591,0.0559,0.1056,-0.0792,-0.3577,0.1045,-0.0799,-0.3561,0.1046,-0.0792,-0.356,0.0657,0.0598,0.0564,0.0649,0.0601,0.057,0.065,0.0598,0.0571,0.0604,-0.0591,0.0574,0.0618,-0.0593,0.0573,0.1063,0.0227,-0.1182,0.1068,0.0196,-0.1155,0.1069,0.0231,-0.1176
,0.066,-0.0588,0.0545,0.066,-0.0589,0.0537,0.1283,-0.0881,0.2812,0.131,-0.0875,0.2796,0.1312,-0.0881,0.2798,0.1491,0.0316,-0.005,0.1479,0.0256,-0.0004,0.1494,0.0268,0.0007,0.0618,-0.0591,0.0576,0.0611,-0.0591,0.0576,0.0473,-0.0301,0.0762,0.0485,-0.0277,0.0758,0.0472,-0.0293,0.0744,0.1525,-0.0237,0.2605,0.1517,-0.023,0.2591,0.1515,-0.0237,0.2593,0.061,-0.0582,0.049
,0.0618,-0.0579,0.0488,0.0618,-0.0582,0.049,0.0576,-0.0588,0.0545,0.0576,-0.0585,0.0554,0.0574,-0.0585,0.0546,0.058,0.0629,0.0438,0.0604,0.0623,0.0426,0.0605,0.0629,0.0432,0.066,-0.0588,0.0529,0.0657,-0.0591,0.0529,0.0662,-0.0579,0.0518,0.0657,-0.0582,0.051,0.066,-0.0579,0.0513,0.1071,-0.0204,0.309,0.1071,-0.0203,0.3091,0.1071,-0.0201,0.3091,0.1049,0.015,-0.0248
,0.0942,0.0148,-0.0263,0.1048,0.0148,-0.0269,0.0631,-0.0579,0.049,0.0635,-0.0579,0.0492,0.0626,-0.0582,0.049,0.0634,-0.0582,0.0493,0.0642,-0.0579,0.0495,0.0643,-0.0582,0.0497,0.0152,-0.0781,0.1463,0.0177,-0.0777,0.1447,0.0135,-0.0777,0.1488,0.0652,-0.0579,0.0502,0.0658,-0.0579,0.0509,0.065,-0.0582,0.0502,0.1199,0.0473,0.3218,0.1236,0.0481,0.324,0.1235,0.0473,0.3241
,0.0603,-0.0588,0.0497,0.0611,-0.0588,0.0495,0.0604,-0.059,0.0498,0.0618,-0.059,0.0496,0.0618,-0.0588,0.0494,-0.0338,-0.0016,-0.1788,-0.063,0.0008,-0.1785,-0.0338,0.0008,-0.1785,0.0343,-0.0576,0.0513,0.0339,-0.0565,0.0513,0.0344,-0.0581,-0.2453,0.0572,-0.0582,0.0528,0.0573,-0.0579,0.0518,0.0574,-0.0582,0.0519,0.0571,-0.0579,0.0524,0.0236,0.0848,-0.4799,0.0498,0.0832,-0.4802
,0.0498,0.0837,-0.4792,0.0601,-0.0582,0.0493,0.0605,-0.0579,0.049,0.0593,-0.0582,0.0497,0.0594,-0.0579,0.0495,0.0601,-0.0579,0.0492,0.0586,-0.0582,0.0502,0.0579,-0.0582,0.051,0.0583,-0.0579,0.0502,0.1054,0.0387,-0.1413,0.1047,0.0372,-0.1375,0.1054,0.0374,-0.1374,0.0605,-0.0593,0.0503,0.0597,-0.0591,0.0503,0.0604,-0.0591,0.05,0.0925,0.0157,-0.0264,0.0928,0.0153,-0.0263
,0.0929,0.0156,-0.0242,0.0593,-0.0593,0.0511,0.0591,-0.0591,0.0508,0.0585,-0.0593,0.0523,0.1335,-0.023,-0.0598,0.1345,-0.016,-0.0641,0.1333,-0.0158,-0.0636,0.1499,0.0074,0.0111,0.1483,0.0138,0.0074,0.1485,0.0071,0.0095,0.0644,0.0611,0.0526,0.0648,0.061,0.0524,0.064,0.061,0.0513,0.0841,-0.0495,-0.3179,0.0832,-0.0374,-0.3149,0.0841,-0.0374,-0.3179,0.0651,-0.0593,0.0523
,0.0654,-0.0591,0.0521,0.0654,-0.0593,0.0537,0.106,-0.039,-0.1412,0.1066,-0.0381,-0.1371,0.106,-0.0377,-0.1373,0.0664,-0.0582,0.0528,0.0661,-0.0582,0.0519,0.0665,-0.0579,0.0524,0.066,0.0601,0.0554,0.0661,0.0598,0.0555,0.0691,0.0777,-0.369,0.071,0.078,-0.3707,0.0697,0.078,-0.3687,0.0645,-0.0591,0.0508,0.0631,-0.0593,0.0503,0.0639,-0.0591,0.0503,0.0908,-0.0818,0.076
,0.0885,-0.0814,0.0776,0.091,-0.0814,0.0763,0.1438,0.029,-0.0452,0.1421,0.0314,-0.0388,0.1441,0.0322,-0.0392,0.065,-0.0591,0.0514,0.0643,-0.0593,0.0511,0.1071,-0.0781,-0.3661,0.1061,-0.0786,-0.3679,0.1066,-0.0786,-0.366,0.063,0.0633,0.0438,0.0655,0.0629,0.0438,0.0653,0.0633,0.0444,0.0648,-0.0594,0.0524,0.0649,-0.0595,0.0537,0.0644,-0.0595,0.0526,0.093,-0.0156,-0.0221
,0.0929,-0.0156,-0.0242,0.0572,-0.0584,0.0537,0.0574,-0.0585,0.0528,0.0571,-0.0582,0.0537,0.057,0.0595,0.0546,0.0495,0.039,0.0537,0.0499,0.039,0.0569,0.0569,-0.0579,0.0537,0.057,-0.0579,0.0527,0.0708,0.0809,-0.3573,0.0719,0.0809,-0.3557,0.0706,0.0804,-0.3578,0.0585,-0.0591,0.0514,0.0582,-0.0591,0.0521,0.0581,-0.0592,0.0537,0.0579,-0.0591,0.0529,0.1755,0.0473,0.2996
,0.1731,-0.0473,0.3033,0.1731,0.0473,0.3033,0.0632,-0.0591,0.05,0.0618,-0.0593,0.0501,0.1056,0,-0.049,0.1132,0,-0.0574,0.1133,0.0046,-0.0572,0.173,0.0481,0.3032,0.1754,0.0481,0.2995,0.0875,-0.0433,-0.1305,0.0874,-0.0408,-0.1263,0.0882,-0.0413,-0.126,0.149,-0.025,0.2589,0.1482,-0.025,0.2572,0.1334,-0.0251,0.2383,0.0606,0.0633,0.0635,0.058,0.0629,0.0636
,0.0583,0.0633,0.063,0.1375,0.0081,0.0152,0.1362,0,0.0159,0.1362,0.008,0.0151,0.1435,0.0227,0.2423,0.1454,0.0222,0.2447,0.1454,0.0227,0.2448,0.0618,-0.0591,0.0497,0.0625,-0.0591,0.0498,0.0531,-0.0374,0.0624,0.073,-0.024,-0.0083,0.0754,-0.0281,-0.0112,0.0728,-0.0257,-0.012,0.1079,0.0165,-0.005,0.1134,0.0201,-0.0013,0.1135,0.0187,-0.0003,0.1264,0.0221,0.3055
,0.1265,0.0225,0.3063,0.1265,0.022,0.3064,0.0775,-0.0814,0.0785,0.0747,-0.0808,0.078,0.0774,-0.0808,0.0788,0.0943,-0.0151,-0.0243,0.0937,-0.0148,-0.0263,0.0642,-0.0595,0.053,0.0628,-0.0595,0.0564,0.0594,-0.0595,0.053,0.0764,0.039,-0.3582,0.0764,0.0511,-0.3511,0.0764,0.039,-0.3511,0.1115,0.1006,0.267,0.1065,0.0965,0.2664,0.1102,0.1006,0.2647,0.1142,-0.0669,-0.3481
,0.1108,-0.0528,-0.3541,0.1108,-0.0669,-0.3541,0.0346,0.039,-0.4525,0.0225,0.038,-0.4603,0.0225,0.039,-0.4525,0.0338,-0.0674,0.1474,0.0372,0.0865,0.1487,0.0338,0.0865,0.1474,0.0266,-0.0674,0.1474,0.0233,0.0865,0.1487,0.0233,-0.0674,0.1487,0.1086,-0.0623,0.4058,0.105,-0.0754,0.4073,0.1086,-0.0754,0.4058,0.0884,0.0573,0.3754,0.1822,0.0573,0.3072,0.1822,-0.0573,0.3072
,0.0765,-0.0374,-0.3579,0.0752,-0.0495,-0.3609,0.0752,-0.0374,-0.3609,0.0534,0.0511,-0.3608,0.0553,0.039,-0.3633,0.0534,0.039,-0.3608,0.0225,-0.0148,-0.1423,0.0346,-0.0082,-0.1415,0.0225,-0.0082,-0.1415,-0.075,-0.052,0.3739,-0.0753,0.052,0.3707,-0.075,0.052,0.3739,-0.0801,0.0282,0.417,-0.0776,0.0329,0.4238,-0.082,0.0282,0.4221,-0.0988,0.0302,0.4194,-0.1066,0.0302,0.3953
,-0.0925,0.0302,0.3904,0.0963,-0.0822,0.0701,0.0967,-0.0818,0.0704,0.0981,-0.0818,0.068,0.1263,0.0754,0.4091,0.1294,0.0623,0.4029,0.1263,0.0623,0.4091,0.1156,0.0754,0.3965,0.1141,0.0623,0.4002,0.1156,0.0623,0.3965,-0.116,0.0533,0.3447,-0.119,0.0664,0.3467,-0.119,0.0533,0.3467,0.0468,0.0674,0.0939,0.0493,0.0774,0.092,0.0468,0.0774,0.0939,-0.1253,-0.0664,0.3749
,-0.1244,-0.0533,0.3747,-0.1244,-0.0664,0.3747,-0.0635,-0.052,0.3694,-0.0644,0.052,0.3686,-0.0644,-0.052,0.3686,-0.1059,0.0533,0.3828,-0.1074,0.0664,0.3791,-0.1059,0.0664,0.3828,-0.0195,-0.0206,0.4168,-0.0199,-0.0212,0.4153,-0.0199,-0.021,0.4153,0.0855,-0.0359,-0.3633,0.0868,-0.0133,-0.359,0.0855,-0.0133,-0.3633,-0.081,-0.0638,0.3839,-0.0791,0.0297,0.3823,-0.0791,-0.0638,0.3823
,0.0316,-0.0651,-0.3708,0.0316,-0.0685,-0.3729,0.0316,-0.0609,-0.3562,0.1194,-0.0477,0.3213,0.1197,-0.048,0.3215,0.1195,-0.048,0.3213,0.0207,-0.0774,0.2012,0.0272,-0.0674,0.2021,0.0272,-0.0774,0.2021,0.086,-0.0802,0.0789,0.0887,-0.0796,0.078,0.0887,-0.0802,0.078,0.1276,-0.0177,0.2759,0.1298,-0.0177,0.2748,0.1276,-0.0177,0.2758,0.1302,-0.0914,0.242,0.1216,-0.0914,0.2395
,0.1159,-0.0915,0.2406,0.0508,0.0711,-0.4827,0.0518,0.0716,-0.482,0.0508,0.0782,-0.4826,0.0815,0.0754,0.0678,0.0835,0.0955,0.0676,0.0815,0.0955,0.0678,0.1074,0,-0.0613,0.0934,-0.004,-0.0608,0.0934,0,-0.0613,0.0924,-0.0495,-0.3404,0.0934,-0.0374,-0.3399,0.0924,-0.0374,-0.3404,-0.0083,0.0503,0.3693,-0.0065,-0.0503,0.372,-0.0083,-0.0503,0.3693,-0.0748,-0.052,0.3648
,-0.0753,0.052,0.3649,-0.0753,-0.052,0.3649,0.0438,-0.0528,-0.3271,0.0446,-0.0669,-0.326,0.0796,0.0754,0.0676,0.0796,0.0955,0.0676,0.0497,-0.0495,0.0606,0.0483,-0.0495,0.0573,0.0245,-0.0495,0.0882,0.1134,-0.0168,-0.0534,0.1389,-0.0129,-0.0567,0.1391,-0.0187,-0.0536,0.1248,-0.0251,0.3084,0.125,0.0251,0.3074,0.125,-0.0251,0.3074,0.0153,-0.0674,0.1602,0.0153,0.0865,0.1638
,0.0153,-0.0674,0.1638,-0.0754,0.0533,0.3734,-0.0759,0.0664,0.3767,-0.0759,0.0533,0.3767,0.1138,0.0528,0.031,0.1166,0.0669,0.0329,0.1166,0.0528,0.0329,0.1405,-0.0167,0.0148,0.1394,-0.0237,0.0099,0.1397,-0.0163,0.0139,0.0193,-0.0774,0.1729,0.0169,-0.0674,0.1697,0.0169,-0.0774,0.1697,0.0315,-0.049,-0.3107,0.0326,-0.0495,-0.3085,0.0317,-0.0491,-0.3949,0.1554,-0.0474,0.2648
,0.155,-0.0474,0.265,0.1552,-0.0476,0.2649,0.0934,0.0176,0.2622,0.0936,-0.0176,0.2575,0.0936,0.0176,0.2575,0.0189,-0.0734,-0.4951,0.0176,-0.0704,-0.4957,0.0176,-0.0735,-0.4953,0.1468,0,0.2458,0.1484,0.0222,0.2502,0.1471,0.0222,0.2474,0.1223,-0.0266,-0.0098,0.1197,-0.031,-0.0079,0.1197,-0.0298,-0.0059,0.0155,-0.0781,0.178,0.0138,-0.0777,0.1755,0.0181,-0.0777,0.1794
,0.0901,-0.0475,-0.1889,0.0911,-0.046,-0.1939,0.0906,-0.0457,-0.1938,0.1318,0.0177,0.2734,0.1336,0.0176,0.2717,0.1336,0.0177,0.2717,0.0271,-0.0481,-0.3046,0.025,-0.0461,-0.3038,0.0272,-0.0495,-0.302,0.025,-0.0461,-0.3038,0.0268,-0.0495,-0.3015,0.0272,-0.0495,-0.302,0.025,-0.0461,-0.3038,0.025,-0.048,-0.3004,0.0268,-0.0495,-0.3015,0.112,-0.0218,0.3015,0.1125,-0.0214,0.3009
,0.1124,-0.022,0.3009,0.0323,-0.0495,-0.3082,0.0632,0.0617,0.0652,0.066,0.0609,0.0647,0.0632,0.0609,0.0654,0.0753,-0.0775,0.0763,0.0854,-0.0774,0.0764,0.0804,-0.0775,0.0775,0.025,-0.0448,-0.3107,0.0244,-0.0441,-0.3077,0.025,-0.045,-0.3075,0.1354,-0.0238,0.2364,0.135,-0.0244,0.2368,0.136,-0.024,0.2369,0.158,0.0296,-0.0456,0.1587,0.0307,-0.0438,0.1584,0.0319,-0.0415
,0.1798,-0.0481,0.2813,0.1807,-0.0473,0.2823,0.1799,-0.0473,0.2812,0.023,-0.0405,-0.3107,0.0227,-0.0393,-0.3107,0.0227,-0.0397,-0.3105,0.093,-0.0121,-0.0118,0.0934,-0.0084,-0.0094,0.0932,-0.0118,-0.0122,0.0245,-0.0495,-0.2975,0.0245,-0.0474,-0.3,0.0054,0.0237,0.4036,0.0056,0.0221,0.4167,0.0056,0.0221,0.4036,0.0276,0.0905,0.1727,0.0233,0.0865,0.1753,0.0251,0.0905,0.1718
,0.0657,-0.0588,0.052,0.0655,-0.0585,0.0511,0.066,-0.0585,0.0519,0.1156,-0.0304,-0.0242,0.1146,-0.0304,-0.025,0.1146,-0.0304,-0.0238,0.0245,-0.0374,-0.3066,0.0244,-0.0441,-0.3079,0.0229,-0.0539,-0.4974,0.0225,-0.0507,-0.4336,0.1071,0.0042,-0.0088,0.1067,0.0021,-0.0087,0.1067,0.0041,-0.0091,0.024,-0.0374,-0.3089,0.024,-0.0432,-0.3089,0.0237,-0.0426,-0.3094,0.0244,-0.0374,-0.3077
,0.0241,-0.0435,-0.3086,0.0513,-0.0593,0.0592,0.0502,-0.0585,0.0565,0.0512,-0.0585,0.0592,0.0685,-0.0777,0.0724,0.0665,-0.0781,0.0706,0.0655,-0.0777,0.0681,0.051,0.0149,-0.3361,0.0548,0.0375,-0.3338,0.0548,0.0149,-0.3338,-0.0914,0.0664,0.3613,-0.0881,0.0533,0.3609,-0.0914,0.0533,0.3613,0.0937,-0.0669,0.0969,0.1027,-0.0528,0.0961,0.1027,-0.0669,0.0961,0.1076,0.039,-0.1879
,0.1076,0.0389,-0.1876,0.1076,0.0407,-0.1826,0.1455,0.0111,-0.0543,0.1464,0.0096,-0.0549,0.1466,0.0117,-0.0542,0.0224,-0.0921,0.0813,0.0222,-0.0929,0.0789,0.0222,-0.0924,0.082,0.0245,-0.0443,-0.1655,0.0245,-0.0374,-0.1663,0.0244,-0.0374,-0.1653,0.0991,-0.0868,0.262,0.0985,-0.0871,0.2589,0.0994,-0.0868,0.2559,0.0855,-0.0729,-0.324,0.0844,-0.0734,-0.3243,0.085,-0.0669,-0.3241
,-0.0304,0.0503,0.3766,-0.0297,-0.0503,0.3734,-0.0304,-0.0503,0.3766,0.1556,-0.0494,0.2657,0.1566,-0.0492,0.2653,0.1559,-0.0489,0.2651,0.0293,0.0511,-0.3048,0.0271,0.0497,-0.3046,0.0296,0.0511,-0.3051,0.0245,-0.0474,-0.173,0.0251,-0.0495,-0.1744,0.0245,-0.0495,-0.1754,0.1238,0.0212,-0.0467,0.1245,0.0187,-0.0489,0.1248,0.0215,-0.0465,0.1244,-0.0251,0.3094,0.1009,-0.0514,0.3455
,0.1,-0.051,0.347,0.0239,-0.0432,-0.164,0.0235,-0.0422,-0.1633,0.0237,-0.0425,-0.1623,0.1263,0.0241,0.3034,0.1256,0.0237,0.303,0.1259,0.0243,0.3027,0.025,-0.045,-0.1655,0.0245,-0.0445,-0.1663,0.0245,-0.0443,-0.1655,0.0225,-0.0374,-0.1623,0.0227,-0.0393,-0.1623,0.0226,-0.0389,-0.1624,0.0227,-0.0393,-0.1624,0.0226,-0.0389,-0.1624,0.0229,-0.04,-0.1623,0.023,-0.0408,-0.1627
,0.0235,-0.0422,-0.1623,0.1805,0.0494,0.2861,0.181,0.0488,0.2849,0.181,0.0488,0.2861,0.0245,-0.0495,0.0882,0.0245,-0.0495,0.009,0.0245,-0.0374,0.0882,0.1077,-0.0292,-0.2018,0.1076,-0.0335,-0.1967,0.1076,-0.0301,-0.2007,0.025,-0.048,-0.1726,0.0263,-0.0495,-0.1722,0.0267,-0.0495,-0.1716,-0.0072,-0.0493,0.3886,-0.0042,-0.0486,0.4014,-0.0065,-0.0486,0.3885,0.073,-0.0674,0.0696
,0.073,-0.0774,0.0696,0.0722,-0.0774,0.0688,0.1204,-0.0177,0.2768,0.118,-0.0177,0.2764,0.118,-0.0178,0.2764,0.1065,-0.0573,0.4133,0.1064,0.0573,0.4134,0.1025,0.0573,0.414,0.0323,-0.0495,-0.1648,0.0297,-0.0487,-0.1648,0.0319,-0.0491,-0.1623,0.1461,0.0145,-0.0611,0.145,0.0201,-0.056,0.1463,0.0211,-0.0576,-0.1307,0.0468,0.3706,-0.1291,0.052,0.3658,-0.1307,0.052,0.3706
,0.1442,-0.0395,-0.1194,0.1339,-0.0402,-0.1241,0.1439,-0.0402,-0.1246,0.0871,0.0229,-0.1102,0.0879,0.0275,-0.1121,0.0879,0.0232,-0.1096,0.1163,-0.0764,0.2751,0.1125,-0.0865,0.2736,0.1163,-0.0865,0.2751,0.0214,0.0456,0.1461,0.0185,0.0444,0.1119,0.0214,0.0456,0.1119,0.1466,-0.0362,-0.026,0.1452,-0.0342,-0.0191,0.1448,-0.0348,-0.0259,0.0339,-0.0618,0.0556,0.033,-0.062,0.0565
,0.0335,-0.0609,0.0562,0.0271,-0.0481,0.0019,0.025,-0.0461,0.0028,0.0272,-0.0495,0.0045,0.025,-0.0461,0.0028,0.0268,-0.0495,0.005,0.0272,-0.0495,0.0045,0.025,-0.0461,0.0028,0.025,-0.048,0.0062,0.0268,-0.0495,0.005,0.106,-0.0804,-0.3659,0.1061,-0.081,-0.3646,0.1061,-0.0799,-0.3646,0.0323,-0.0495,-0.0017,0.0326,-0.0495,-0.002,0.0319,-0.0491,-0.0041,0.1452,0.0256,-0.0515
,0.1433,0.0193,-0.0548,0.1435,0.0246,-0.0505,0.1288,-0.0177,0.2469,0.131,-0.0177,0.2482,0.131,-0.0177,0.2481,0.1456,-0.0049,0.0042,0.1445,-0.0035,0.0044,0.1455,-0.0021,0.0045,0.1139,-0.031,-0.0172,0.1074,-0.0236,-0.0154,0.114,-0.0296,-0.0129,0.0237,-0.0425,-0.0041,0.0235,-0.0422,-0.0031,0.0237,-0.0426,-0.0029,0.1289,0.0091,0.0041,0.1291,0.0048,0.0051,0.1265,0.0092,0.0091
,0.098,-0.0748,-0.3278,0.0946,-0.0741,-0.3253,0.096,-0.0744,-0.3261,0.133,0.0301,-0.0296,0.134,0.0302,-0.0296,0.133,0.0302,-0.0294,0.0926,-0.0342,-0.2109,0.0928,-0.037,-0.2078,0.0929,-0.034,-0.211,0.0245,-0.0495,0.009,0.0245,-0.0474,0.0066,0.0244,-0.0441,-0.0011,0.0244,-0.0441,-0.0013,0.0245,-0.0374,-0.0001,0.1205,-0.0493,0.3213,0.12,-0.0489,0.3213,0.1237,-0.0485,0.3239
,0.024,-0.0374,-0.0023,0.024,-0.0432,-0.0023,0.0237,-0.0426,-0.0029,0.0244,-0.0374,-0.0011,0.0241,-0.0435,-0.0021,0.0939,0.0149,-0.3463,0.0939,-0.0133,-0.3463,0.1044,0.0636,-0.3932,0.1068,0.0177,0.2572,0.0942,0.0176,0.268,0.1068,0.0176,0.2572,0.0162,-0.0674,0.1566,0.0153,0.0865,0.1601,0.1288,0.0177,0.2469,0.131,0.0177,0.2482,0.1288,0.0177,0.2469,0.0517,-0.0785,0.1676
,0.0504,-0.0781,0.1703,0.0513,-0.0781,0.1675,0.0853,0.0955,0.0668,0.0868,0.0754,0.0656,0.0868,0.0955,0.0656,0.101,0.0774,-0.3203,0.1006,0.0674,-0.3169,0.101,0.0674,-0.3203,0.119,0.0669,0.0887,0.119,0.0528,0.0887,0.0309,-0.0774,0.1779,0.0296,-0.0674,0.177,0.0309,-0.0674,0.177,0.048,0.039,-0.2588,0.0404,0.039,-0.2553,0.0491,0.039,-0.2305,0.0643,-0.0367,0.0914
,0.0245,-0.0373,0.0897,0.0644,-0.0369,0.0909,0.0647,-0.0372,0.0897,0.0491,-0.0374,0.0882,0.0648,-0.0374,0.0891,0.0245,-0.0367,0.0914,0.125,0.0291,-0.0339,0.1252,0.0296,-0.0319,0.1223,0.0337,-0.0347,0.128,-0.0909,0.2805,0.1251,-0.0904,0.2818,0.1282,-0.0904,0.2809,0.0601,0.0598,0.0493,0.061,0.0601,0.0492,0.061,0.0598,0.049,0.0677,-0.0515,0.064,0.0686,-0.0585,0.0635
